#Cluster   Frames     Frac  AvgDist    Stdev Centroid AvgCDist
       0    13523    0.541    3.049    0.865     1078    4.021
       1      396    0.016    2.947    0.778     8170    5.459
       2      285    0.011    2.340    0.480     8958    5.081
       3      279    0.011    0.000    0.000    11414    6.109
       4      236    0.009    0.000    0.000    12239    5.974
       5      201    0.008    2.399    0.430    24962    6.270
       6      186    0.007    2.404    0.568    19840   11.012
       7      170    0.007    2.060    0.378    11436    5.880
       8      166    0.007    2.029    0.373    11971    5.588
       9      156    0.006    2.066    0.230    19311    5.889
      10      153    0.006    1.930    0.000    12337    5.776
      11      147    0.006    0.000    0.000     3704    5.824
      12      142    0.006    1.975    0.000     6400    6.529
      13      142    0.006    0.000    0.000     5104    5.702
      14      127    0.005    0.000    0.000     4727    5.980
      15      105    0.004    0.000    0.000    17185    5.944
      16      104    0.004    2.099    0.344     5332    5.532
      17       98    0.004    0.000    0.000    17012    5.819
      18       97    0.004    0.000    0.000    24583    6.009
      19       94    0.004    0.000    0.000     9886    6.020
      20       93    0.004    1.703    0.000     7494    6.052
      21       91    0.004    0.000    0.000     6274    5.808
      22       87    0.003    0.000    0.000     7583    6.052
      23       86    0.003    0.000    0.000      558    5.887
      24       86    0.003    1.949    0.000    13733    5.918
      25       82    0.003    1.936    0.000     5110    5.871
      26       81    0.003    0.000    0.000     4752    5.832
      27       80    0.003    0.000    0.000    17840    5.790
      28       80    0.003    2.148    0.272    21345    6.597
      29       79    0.003    0.000    0.000     5730    6.032
      30       79    0.003    0.000    0.000    12292    5.993
      31       77    0.003    0.000    0.000    11358    5.722
      32       74    0.003    0.000    0.000     3714    5.903
      33       70    0.003    1.982    0.000    24315    5.327
      34       70    0.003    0.000    0.000     7995    5.877
      35       67    0.003    0.000    0.000      787    6.302
      36       63    0.003    1.849    0.264     3722    6.165
      37       62    0.002    0.000    0.000     5623    5.852
      38       62    0.002    0.000    0.000    16144    6.268
      39       60    0.002    1.889    0.000     1995    5.303
      40       56    0.002    1.996    0.263     8657   10.349
      41       56    0.002    0.000    0.000    10087    5.906
      42       56    0.002    0.000    0.000     8663    5.871
      43       54    0.002    1.907    0.000    20582    5.727
      44       53    0.002    0.000    0.000    14264    5.844
      45       52    0.002    0.000    0.000    13533    5.930
      46       50    0.002    0.000    0.000     8298    6.821
      47       49    0.002    0.000    0.000    22201    5.656
      48       49    0.002    0.000    0.000    14834    5.957
      49       48    0.002    0.000    0.000    20797    6.064
      50       47    0.002    0.000    0.000     4042    5.749
      51       46    0.002    0.000    0.000    17593    5.509
      52       44    0.002    0.000    0.000    24488    6.056
      53       44    0.002    0.000    0.000     4123    6.093
      54       43    0.002    1.442    0.180    17391    5.477
      55       43    0.002    0.000    0.000     9995    5.795
      56       43    0.002    0.000    0.000     2846    6.063
      57       42    0.002    0.000    0.000     7627    5.881
      58       42    0.002    0.000    0.000    21038    6.043
      59       40    0.002    0.000    0.000    12073    6.045
      60       40    0.002    0.000    0.000    11392    6.119
      61       39    0.002    0.000    0.000     4730    5.764
      62       39    0.002    0.000    0.000     7312    5.585
      63       39    0.002    0.000    0.000     9668    6.063
      64       38    0.002    0.000    0.000    14712    5.548
      65       38    0.002    0.000    0.000     8415    6.380
      66       37    0.001    0.000    0.000    16394    6.367
      67       37    0.001    1.878    0.000    23111    6.031
      68       36    0.001    1.855    0.000    14161    7.754
      69       36    0.001    1.897    0.000    23680    5.809
      70       35    0.001    0.000    0.000      400    5.902
      71       35    0.001    0.000    0.000    10746    6.312
      72       35    0.001    0.000    0.000     1039    6.447
      73       35    0.001    1.960    0.000    10251    6.165
      74       35    0.001    0.000    0.000    10723    6.690
      75       35    0.001    0.000    0.000    17864    5.811
      76       34    0.001    1.789    0.000    13159    5.597
      77       34    0.001    1.977    0.000    17603    5.690
      78       34    0.001    0.000    0.000    14608    5.995
      79       33    0.001    0.000    0.000     4101    5.675
      80       33    0.001    1.980    0.000    23818    6.812
      81       33    0.001    0.000    0.000    16551    5.762
      82       33    0.001    0.000    0.000     8129    6.160
      83       32    0.001    0.000    0.000     1490    6.570
      84       32    0.001    1.972    0.000    19508    6.293
      85       31    0.001    0.000    0.000    23461    5.799
      86       30    0.001    1.979    0.246    21676    5.767
      87       30    0.001    1.869    0.000    24745    6.251
      88       30    0.001    0.000    0.000    11662    6.760
      89       30    0.001    0.000    0.000    22661    6.740
      90       30    0.001    0.000    0.000    23791    6.821
      91       30    0.001    0.000    0.000    23811    5.785
      92       29    0.001    0.000    0.000      923    5.891
      93       29    0.001    0.000    0.000    10534    6.095
      94       28    0.001    0.000    0.000    19377    5.768
      95       28    0.001    0.000    0.000    10328    5.645
      96       27    0.001    0.000    0.000    11444    6.146
      97       27    0.001    0.000    0.000    12124    6.267
      98       27    0.001    0.000    0.000    16375    5.694
      99       27    0.001    0.000    0.000     2960    5.976
     100       27    0.001    0.000    0.000    14718    5.679
     101       26    0.001    0.000    0.000    16081    5.772
     102       26    0.001    0.000    0.000    13078    5.895
     103       26    0.001    0.000    0.000    18398    6.456
     104       26    0.001    0.000    0.000    17628    6.026
     105       25    0.001    1.684    0.000     2741    6.870
     106       25    0.001    2.053    0.210    13585    6.714
     107       25    0.001    0.000    0.000    14694    5.823
     108       25    0.001    1.992    0.000    24571    6.203
     109       24    0.001    1.595    0.000    13391    5.772
     110       24    0.001    0.000    0.000    24093    5.673
     111       24    0.001    0.000    0.000    17261    7.120
     112       24    0.001    0.000    0.000    18692   11.612
     113       24    0.001    0.000    0.000    19650    5.894
     114       23    0.001    0.000    0.000     5596    6.001
     115       23    0.001    0.000    0.000    15521    7.254
     116       23    0.001    0.000    0.000    12564    7.324
     117       23    0.001    0.000    0.000    23745    7.044
     118       23    0.001    0.000    0.000     2016    6.561
     119       23    0.001    0.000    0.000    24421    5.793
     120       23    0.001    0.000    0.000    24971    7.295
     121       22    0.001    0.000    0.000     3791   10.524
     122       22    0.001    1.755    0.000    18237    6.071
     123       22    0.001    1.957    0.000    17883    8.188
     124       22    0.001    0.000    0.000    15601    6.980
     125       22    0.001    0.000    0.000    18411    8.806
     126       22    0.001    0.000    0.000    19151    6.521
     127       22    0.001    1.919    0.000    19971    6.802
     128       22    0.001    0.000    0.000    22008    6.583
     129       22    0.001    0.000    0.000    21081    6.136
     130       22    0.001    0.000    0.000    22195    7.109
     131       21    0.001    0.000    0.000    12101    5.928
     132       21    0.001    1.435    0.000    18255    5.987
     133       21    0.001    1.988    0.000     4915    6.208
     134       21    0.001    1.884    0.000    20491    6.791
     135       21    0.001    0.000    0.000    21135    5.806
     136       21    0.001    0.000    0.000    23781    7.061
     137       20    0.001    0.000    0.000     3808    6.191
     138       20    0.001    0.000    0.000     5101    6.382
     139       20    0.001    0.000    0.000     5821    6.374
     140       20    0.001    0.000    0.000     8892    6.137
     141       20    0.001    0.000    0.000     8951    6.055
     142       20    0.001    0.000    0.000    16819    6.162
     143       20    0.001    1.989    0.000    13921    8.279
     144       20    0.001    0.000    0.000    14781    7.062
     145       20    0.001    0.000    0.000    20672    7.125
     146       20    0.001    0.000    0.000    14062    7.406
     147       20    0.001    1.984    0.000    21868    5.853
     148       20    0.001    0.000    0.000    23167    5.876
     149       20    0.001    0.000    0.000    17751    6.393
     150       20    0.001    0.000    0.000    17801    8.571
     151       20    0.001    1.506    0.000    23401    6.172
     152       20    0.001    0.000    0.000    18561    6.003
     153       20    0.001    0.000    0.000     3878    6.098
     154       20    0.001    0.000    0.000      859    7.338
     155       20    0.001    1.725    0.000    17373    5.747
     156       20    0.001    0.000    0.000    22461    6.945
     157       20    0.001    0.000    0.000    23581    6.406
     158       20    0.001    0.000    0.000     6636    6.170
     159       20    0.001    0.000    0.000    24638   13.744
     160       20    0.001    0.000    0.000    19685    5.937
     161       20    0.001    0.000    0.000     7418    6.055
     162       19    0.001    0.000    0.000     3051    6.362
     163       19    0.001    0.000    0.000    13670    6.674
     164       19    0.001    0.000    0.000     8902    5.961
     165       19    0.001    0.000    0.000     8341   11.618
     166       19    0.001    0.000    0.000     9713    6.526
     167       19    0.001    0.000    0.000    22345    6.436
     168       19    0.001    0.000    0.000    21701    6.134
     169       19    0.001    0.000    0.000    12319    6.640
     170       18    0.001    0.000    0.000     2472    6.860
     171       18    0.001    0.000    0.000     9434    5.659
     172       18    0.001    0.000    0.000    10733   12.067
     173       18    0.001    0.000    0.000    12121    5.764
     174       18    0.001    0.000    0.000    13801    6.056
     175       18    0.001    0.000    0.000    19183   12.851
     176       18    0.001    0.000    0.000    14671    5.918
     177       18    0.001    0.000    0.000    16001    6.555
     178       18    0.001    0.000    0.000     7036    6.080
     179       18    0.001    0.000    0.000    22571    6.751
     180       18    0.001    0.000    0.000    10607    7.271
     181       18    0.001    0.000    0.000     8434    6.833
     182       17    0.001    0.000    0.000       41    5.856
     183       17    0.001    0.000    0.000    22722    5.612
     184       17    0.001    0.000    0.000    13351    6.757
     185       17    0.001    1.620    0.000    23524    6.615
     186       17    0.001    0.000    0.000    13861   11.308
     187       17    0.001    0.000    0.000    13871    6.504
     188       17    0.001    0.000    0.000    14911   12.213
     189       17    0.001    0.000    0.000     2326    6.037
     190       17    0.001    0.000    0.000     3904    7.258
     191       17    0.001    0.000    0.000    18941    6.207
     192       17    0.001    0.000    0.000    20150    5.912
     193       17    0.001    0.000    0.000    14394    5.974
     194       17    0.001    0.000    0.000    23131    5.923
     195       17    0.001    0.000    0.000    23231    6.103
     196       17    0.001    0.000    0.000    23251    6.138
     197       16    0.001    0.000    0.000     6824    6.680
     198       16    0.001    0.000    0.000    21277    7.758
     199       16    0.001    1.730    0.000    13081    6.962
     200       16    0.001    1.906    0.140    19201    7.983
     201       16    0.001    0.000    0.000    14631    8.746
     202       16    0.001    0.000    0.000    16701    6.284
     203       16    0.001    0.000    0.000    22221    5.914
     204       16    0.001    0.000    0.000      870    6.446
     205       16    0.001    0.000    0.000    24501   11.828
     206       15    0.001    0.000    0.000    13881    6.629
     207       15    0.001    0.000    0.000    17747    9.192
     208       15    0.001    0.000    0.000    18341    6.704
     209       15    0.001    1.874    0.000    23801    7.074
     210       15    0.001    0.000    0.000    21231    6.828
     211       15    0.001    0.000    0.000    12052    6.224
     212       15    0.001    0.000    0.000    23182    7.374
     213       14    0.001    0.000    0.000      531    5.955
     214       14    0.001    0.000    0.000    10962    8.792
     215       14    0.001    0.000    0.000     8371    6.288
     216       14    0.001    0.000    0.000    20255    6.415
     217       14    0.001    0.000    0.000     6083    5.641
     218       14    0.001    0.000    0.000    22767    9.670
     219       14    0.001    0.000    0.000    21741    6.912
     220       14    0.001    0.000    0.000    23951    7.249
     221       13    0.001    1.684    0.000     9949   10.686
     222       13    0.001    0.000    0.000    12580    7.090
     223       13    0.001    0.000    0.000    13514    6.717
     224       13    0.001    0.000    0.000    20621    6.946
     225       13    0.001    0.000    0.000    18780    5.813
     226       13    0.001    0.000    0.000    21461    7.153
     227       13    0.001    0.000    0.000    21491    5.791
     228       13    0.001    0.000    0.000    21511    5.880
     229       13    0.001    0.000    0.000    22650    6.246
     230       13    0.001    0.000    0.000    22811    7.035
     231       13    0.001    0.000    0.000     5268    5.991
     232       12    0.000    0.000    0.000      731   12.361
     233       12    0.000    1.717    0.000     4161   11.768
     234       12    0.000    0.000    0.000    13515    7.032
     235       12    0.000    0.000    0.000    18527    7.039
     236       12    0.000    0.000    0.000    10721    6.263
     237       12    0.000    0.000    0.000    12181    6.055
     238       12    0.000    0.000    0.000    13221    6.426
     239       12    0.000    0.000    0.000    18036    6.589
     240       12    0.000    0.000    0.000     3365    7.169
     241       12    0.000    0.000    0.000    14191    5.997
     242       12    0.000    0.000    0.000    16471    5.960
     243       12    0.000    0.000    0.000    16581    6.277
     244       12    0.000    0.000    0.000      388    6.003
     245       12    0.000    0.000    0.000    18231    5.957
     246       12    0.000    0.000    0.000    19321    5.635
     247       12    0.000    0.000    0.000    19491    6.871
     248       12    0.000    0.000    0.000    10232    7.413
     249       12    0.000    0.000    0.000    20751    6.975
     250       12    0.000    0.000    0.000    20901    6.300
     251       12    0.000    0.000    0.000    19733    6.452
     252       12    0.000    0.000    0.000    21301    6.985
     253       12    0.000    0.000    0.000    24711    6.928
     254       11    0.000    0.000    0.000    19450    6.654
     255       11    0.000    0.000    0.000     5126    6.424
     256       11    0.000    0.000    0.000     5951   12.451
     257       11    0.000    0.000    0.000     6066    5.786
     258       11    0.000    0.000    0.000    20814    6.335
     259       11    0.000    0.000    0.000     7216    6.212
     260       11    0.000    1.577    0.000    17121    6.950
     261       11    0.000    0.000    0.000    12071    6.805
     262       11    0.000    0.000    0.000    13160    6.525
     263       11    0.000    0.000    0.000    18836   11.458
     264       11    0.000    1.936    0.000    16946    6.106
     265       11    0.000    0.000    0.000      775    6.086
     266       11    0.000    0.000    0.000    10153    5.564
     267       11    0.000    0.000    0.000    16811    7.028
     268       11    0.000    0.000    0.000    22674    6.458
     269       11    0.000    0.000    0.000    18091    6.969
     270       11    0.000    0.000    0.000     3423    5.929
     271       11    0.000    0.000    0.000    23513    5.828
     272       11    0.000    0.000    0.000    20321    5.446
     273       11    0.000    0.000    0.000    22433    7.044
     274       11    0.000    0.000    0.000    15609    7.354
     275       11    0.000    0.000    0.000    23812    6.977
     276       10    0.000    0.000    0.000    14357    6.170
     277       10    0.000    0.000    0.000     9611    5.717
     278       10    0.000    0.000    0.000    10331    6.809
     279       10    0.000    0.000    0.000    17171    5.906
     280       10    0.000    0.000    0.000    17611    6.313
     281       10    0.000    0.000    0.000    18951    7.661
     282       10    0.000    0.000    0.000     4109    6.681
     283       10    0.000    1.998    0.000    19660    6.102
     284       10    0.000    0.000    0.000    20031    5.822
     285       10    0.000    0.000    0.000    21865    5.808
     286       10    0.000    0.000    0.000    20761    5.965
     287       10    0.000    0.000    0.000    23831    6.636
     288        9    0.000    0.000    0.000     5401    5.875
     289        9    0.000    0.000    0.000     8861    6.483
     290        9    0.000    0.000    0.000    11581    6.060
     291        9    0.000    0.000    0.000    12481    7.303
     292        9    0.000    0.000    0.000    22613    8.643
     293        9    0.000    0.000    0.000    14081    7.010
     294        9    0.000    0.000    0.000    24137   11.936
     295        9    0.000    0.000    0.000    15081    6.416
     296        9    0.000    0.000    0.000    10106    7.634
     297        9    0.000    0.000    0.000    22040    6.996
     298        9    0.000    0.000    0.000    18571    6.429
     299        9    0.000    1.550    0.000    23611    6.674
     300        9    0.000    0.000    0.000    14630   10.056
     301        9    0.000    0.000    0.000    21475    6.894
     302        9    0.000    0.000    0.000    20261    5.894
     303        9    0.000    0.000    0.000    12552    6.355
     304        9    0.000    0.000    0.000    10649    7.927
     305        9    0.000    0.000    0.000    20841    7.713
     306        9    0.000    0.000    0.000    18925    6.550
     307        9    0.000    0.000    0.000    22431    7.039
     308        9    0.000    0.000    0.000    18399    8.639
     309        9    0.000    0.000    0.000    24321    5.706
     310        9    0.000    0.000    0.000    24641    6.465
     311        8    0.000    0.000    0.000     2192    6.283
     312        8    0.000    1.891    0.000    14298    5.830
     313        8    0.000    0.000    0.000    13369    6.390
     314        8    0.000    0.000    0.000    10812    5.831
     315        8    0.000    0.000    0.000    11791    6.317
     316        8    0.000    0.000    0.000    12081    6.902
     317        8    0.000    0.000    0.000    12201    6.473
     318        8    0.000    0.000    0.000    12601    6.804
     319        8    0.000    0.000    0.000    13671    6.003
     320        8    0.000    0.000    0.000    18806    6.848
     321        8    0.000    0.000    0.000    16007    6.944
     322        8    0.000    0.000    0.000    15261    5.821
     323        8    0.000    0.000    0.000    10907    6.410
     324        8    0.000    0.000    0.000    16501    6.142
     325        8    0.000    0.000    0.000    11880    8.385
     326        8    0.000    0.000    0.000     8658    5.967
     327        8    0.000    0.000    0.000    18821    6.693
     328        8    0.000    0.000    0.000    18901    7.085
     329        8    0.000    0.000    0.000     4160   11.782
     330        8    0.000    0.000    0.000    20821    5.758
     331        8    0.000    0.000    0.000    20921    6.832
     332        8    0.000    0.000    0.000    22091    6.900
     333        8    0.000    0.000    0.000    22581    5.956
     334        8    0.000    0.000    0.000    19769    6.127
     335        8    0.000    0.000    0.000    23241    5.995
     336        8    0.000    0.000    0.000    23321    6.269
     337        8    0.000    0.000    0.000    23331    6.632
     338        8    0.000    0.000    0.000    18487    7.013
     339        7    0.000    0.000    0.000     2451    6.213
     340        7    0.000    1.212    0.000     8361    6.873
     341        7    0.000    0.000    0.000     4111    6.835
     342        7    0.000    0.000    0.000    22349    5.754
     343        7    0.000    0.000    0.000    21493    6.476
     344        7    0.000    0.000    0.000    13161    5.952
     345        7    0.000    0.000    0.000    18195    6.527
     346        7    0.000    0.000    0.000    13411    6.555
     347        7    0.000    0.000    0.000    13911    7.590
     348        7    0.000    0.000    0.000    13204    6.753
     349        7    0.000    0.000    0.000     8224    6.607
     350        7    0.000    0.000    0.000    18581    6.754
     351        7    0.000    0.000    0.000    18769   10.425
     352        7    0.000    0.000    0.000    19651    6.736
     353        7    0.000    0.000    0.000    20141    6.680
     354        7    0.000    0.000    0.000    22360    8.060
     355        7    0.000    0.000    0.000    11659    6.110
     356        7    0.000    0.000    0.000    22161    8.301
     357        7    0.000    0.000    0.000    22471    8.231
     358        7    0.000    0.000    0.000    22681    7.119
     359        7    0.000    0.000    0.000    12790    9.412
     360        7    0.000    0.000    0.000    22971    7.424
     361        7    0.000    0.000    0.000     5704    6.613
     362        7    0.000    0.000    0.000    23711    5.930
     363        7    0.000    0.000    0.000    23891    6.222
     364        7    0.000    0.000    0.000    23911    6.091
     365        7    0.000    0.000    0.000    23931    6.064
     366        7    0.000    0.000    0.000    10072    6.209
     367        7    0.000    0.000    0.000    24041    6.111
     368        7    0.000    0.000    0.000    24521    7.270
     369        6    0.000    0.000    0.000    21102    6.460
     370        6    0.000    0.000    0.000     5238    6.998
     371        6    0.000    0.000    0.000     3542    7.412
     372        6    0.000    1.745    0.000    11321    6.081
     373        6    0.000    0.000    0.000     8929    7.501
     374        6    0.000    0.000    0.000    10731    6.479
     375        6    0.000    0.000    0.000    11021    6.127
     376        6    0.000    0.000    0.000    16959    6.803
     377        6    0.000    0.000    0.000     8850   11.883
     378        6    0.000    0.000    0.000    24977    7.387
     379        6    0.000    0.000    0.000    20944    7.999
     380        6    0.000    0.000    0.000    16461    6.117
     381        6    0.000    0.000    0.000    16929    5.552
     382        6    0.000    0.000    0.000     6327    6.781
     383        6    0.000    0.000    0.000    18491    6.577
     384        6    0.000    1.620    0.000    18553    6.939
     385        6    0.000    0.000    0.000    18591    6.330
     386        6    0.000    0.000    0.000     7097    6.116
     387        6    0.000    0.000    0.000    19411    6.566
     388        6    0.000    0.000    0.000    19611    6.530
     389        6    0.000    0.000    0.000    24096    6.269
     390        6    0.000    0.000    0.000    21901    5.839
     391        6    0.000    0.000    0.000    22071    7.116
     392        6    0.000    0.000    0.000    23045    7.095
     393        6    0.000    0.000    0.000    15103    7.434
     394        6    0.000    0.000    0.000    22731    7.300
     395        6    0.000    0.000    0.000    23511    5.961
     396        6    0.000    0.000    0.000    23607    6.341
     397        6    0.000    0.000    0.000    13864    6.295
     398        6    0.000    0.000    0.000    21948    6.964
     399        6    0.000    0.000    0.000    23873    8.466
     400        6    0.000    0.000    0.000     8673   10.879
     401        6    0.000    0.000    0.000    24061    6.943
     402        6    0.000    0.000    0.000    19700   10.097
     403        6    0.000    0.000    0.000    24891   12.169
     404        5    0.000    0.000    0.000     7091    5.982
     405        5    0.000    0.000    0.000     8051    6.469
     406        5    0.000    0.000    0.000     8201    6.450
     407        5    0.000    0.000    0.000    15178    6.096
     408        5    0.000    0.000    0.000    21027    6.536
     409        5    0.000    0.000    0.000    11711    5.880
     410        5    0.000    0.000    0.000    12031    7.185
     411        5    0.000    0.000    0.000    23248    6.044
     412        5    0.000    0.000    0.000    13981    6.798
     413        5    0.000    0.000    0.000    16941    6.071
     414        5    0.000    0.000    0.000    17141    6.391
     415        5    0.000    0.000    0.000    17661    6.977
     416        5    0.000    0.000    0.000    20378    5.938
     417        5    0.000    1.779    0.000    18151    6.051
     418        5    0.000    0.000    0.000    18741    6.518
     419        5    0.000    0.000    0.000    18861    6.906
     420        5    0.000    0.000    0.000    13915    8.418
     421        5    0.000    0.000    0.000    19211    8.726
     422        5    0.000    0.000    0.000    19381   12.801
     423        5    0.000    0.000    0.000    20992    9.100
     424        5    0.000    0.000    0.000    20701    7.142
     425        5    0.000    0.000    0.000    24537   11.825
     426        5    0.000    0.000    0.000    17837    6.113
     427        5    0.000    0.000    0.000    22271    6.778
     428        5    0.000    0.000    0.000    23171    6.494
     429        5    0.000    0.000    0.000    23262    6.172
     430        5    0.000    0.000    0.000    19210    6.418
     431        5    0.000    0.000    0.000    23441    8.197
     432        5    0.000    0.000    0.000     8639    6.984
     433        5    0.000    0.000    0.000    23771    6.465
     434        5    0.000    0.000    0.000    23841    6.887
     435        5    0.000    0.000    0.000    24671    6.304
     436        5    0.000    0.000    0.000    24721    6.424
     437        4    0.000    0.000    0.000     5241    7.360
     438        4    0.000    0.000    0.000    10701    6.460
     439        4    0.000    0.000    0.000    10951   11.330
     440        4    0.000    0.000    0.000    18754    7.438
     441        4    0.000    0.000    0.000    24064    7.321
     442        4    0.000    0.000    0.000    16281    6.625
     443        4    0.000    0.000    0.000    16791    6.982
     444        4    0.000    0.000    0.000    18321    6.804
     445        4    0.000    0.000    0.000    18841    6.641
     446        4    0.000    0.000    0.000    14044    5.675
     447        4    0.000    0.000    0.000    15748    6.220
     448        4    0.000    0.000    0.000    19791    6.337
     449        4    0.000    0.000    0.000    20291    6.698
     450        4    0.000    0.000    0.000    20381    5.952
     451        4    0.000    0.000    0.000    20711    6.908
     452        4    0.000    0.000    0.000    20851    7.349
     453        4    0.000    0.000    0.000    20961    7.991
     454        4    0.000    0.000    0.000    20981    6.651
     455        4    0.000    0.000    0.000    21281    6.579
     456        4    0.000    0.000    0.000    21521    6.469
     457        4    0.000    0.000    0.000    21531    6.830
     458        4    0.000    0.000    0.000    21791    6.841
     459        4    0.000    0.000    0.000    22121    6.815
     460        4    0.000    0.000    0.000    22209    5.982
     461        4    0.000    0.000    0.000    22841    8.049
     462        4    0.000    0.000    0.000    22951    6.345
     463        4    0.000    0.000    0.000    13354    7.234
     464        4    0.000    0.000    0.000    23471    7.293
     465        4    0.000    0.000    0.000    16543    6.185
     466        4    0.000    0.000    0.000    24382   12.503
     467        4    0.000    0.000    0.000    24563    6.457
     468        4    0.000    0.000    0.000     3850   11.310
     469        4    0.000    0.000    0.000    24791    6.558
     470        4    0.000    0.000    0.000    24801    7.771
     471        4    0.000    0.000    0.000    24991    5.736
     472        3    0.000    0.000    0.000     9661    6.590
     473        3    0.000    0.000    0.000    10161    6.777
     474        3    0.000    0.000    0.000    13561    6.375
     475        3    0.000    0.000    0.000    11032    6.926
     476        3    0.000    0.000    0.000    14701    7.584
     477        3    0.000    0.000    0.000    13053    6.675
     478        3    0.000    0.000    0.000    17437    6.683
     479        3    0.000    0.000    0.000    18771    6.644
     480        3    0.000    0.000    0.000    24589    7.108
     481        3    0.000    0.000    0.000    20131    7.242
     482        3    0.000    0.000    0.000    20311    6.745
     483        3    0.000    0.000    0.000    20371    6.290
     484        3    0.000    0.000    0.000    15893    6.738
     485        3    0.000    0.000    0.000    21161    6.683
     486        3    0.000    0.000    0.000    21821    5.488
     487        3    0.000    0.000    0.000    22031    7.065
     488        3    0.000    0.000    0.000    22231   11.729
     489        3    0.000    0.000    0.000    22802    9.479
     490        3    0.000    0.000    0.000    23540   11.905
     491        3    0.000    0.000    0.000    23661    6.278
     492        3    0.000    0.000    0.000    23751    6.838
     493        3    0.000    0.000    0.000    23761    5.919
     494        3    0.000    0.000    0.000    17459    6.987
     495        2    0.000    0.000    0.000    12451    6.301
     496        2    0.000    0.000    0.000    13031    6.132
     497        2    0.000    0.000    0.000    11543    6.448
     498        2    0.000    0.000    0.000    12452    6.420
     499        2    0.000    0.000    0.000    17671    6.413
     500        2    0.000    0.000    0.000    15273    6.311
     501        2    0.000    0.000    0.000    18777    7.164
     502        2    0.000    0.000    0.000    15933    7.057
     503        2    0.000    0.000    0.000    17120    6.440
     504        2    0.000    0.000    0.000    22412    6.069
     505        2    0.000    0.000    0.000    22979    7.147
     506        2    0.000    0.000    0.000    18363    7.123
     507        2    0.000    0.000    0.000    23522    7.142
     508        2    0.000    0.000    0.000    19213    8.384
     509        2    0.000    0.000    0.000    14612    6.772
     510        2    0.000    0.000    0.000    24631    7.073
     511        1    0.000    0.000    0.000     7261    7.526
     512        1    0.000    0.000    0.000     9501   11.361
     513        1    0.000    0.000    0.000    10221    7.143
     514        1    0.000    0.000    0.000    11821    5.516
     515        1    0.000    0.000    0.000    12761    9.743
     516        1    0.000    0.000    0.000    13321    6.415
     517        1    0.000    0.000    0.000    18371    6.998
     518        1    0.000    0.000    0.000    20091    6.925
     519        1    0.000    0.000    0.000    21021    7.132
     520        1    0.000    0.000    0.000    21581    6.073
     521        1    0.000    0.000    0.000    22141    6.153
     522        1    0.000    0.000    0.000    22771    9.583
     523        1    0.000    0.000    0.000    23421    7.534
     524        1    0.000    0.000    0.000    23941   12.360
